ite =

   918


ite =

   919


ite =

   920


ite =

   921


ite =

   922


ite =

   923


ite =

   924


ite =

   925


ite =

   926


ite =

   927


ite =

   928


ite =

   929


ite =

   930


ite =

   931


ite =

   932


ite =

   933


ite =

   934


ite =

   935


ite =

   936


ite =

   937


ite =

   938


ite =

   939


ite =

   940


ite =

   941


ite =

   942


ite =

   943


ite =

   944


ite =

   945


ite =

   946


ite =

   947


ite =

   948


ite =

   949


ite =

   950


ite =

   951


ite =

   952


ite =

   953


ite =

   954


ite =

   955


ite =

   956


ite =

   957


ite =

   958


ite =

   959


ite =

   960


ite =

   961


ite =

   962


ite =

   963


ite =

   964


ite =

   965


ite =

   966


ite =

   967


ite =

   968


ite =

   969


ite =

   970


ite =

   971


ite =

   972


ite =

   973


ite =

   974


ite =

   975


ite =

   976


ite =

   977


ite =

   978


ite =

   979


ite =

   980


ite =

   981


ite =

   982


ite =

   983


ite =

   984


ite =

   985


ite =

   986


ite =

   987


ite =

   988


ite =

   989


ite =

   990


ite =

   991


ite =

   992


ite =

   993


ite =

   994


ite =

   995


ite =

   996


ite =

   997


ite =

   998


ite =

   999


ite =

        1000


result =

    0.3530    0.6900


ite =

     1


ite =

     2


ite =

     3


ite =

     4


ite =

     5


ite =

     6


ite =

     7


ite =

     8


ite =

     9


ite =

    10


ite =

    11


ite =

    12


ite =

    13


ite =

    14


ite =

    15


ite =

    16


ite =

    17


ite =

    18


ite =

    19


ite =

    20


ite =

    21


ite =

    22


ite =

    23


ite =

    24


ite =

    25


ite =

    26


ite =

    27


ite =

    28


ite =

    29


ite =

    30


ite =

    31


ite =

    32


ite =

    33


ite =

    34


ite =

    35


ite =

    36


ite =

    37


ite =

    38


ite =

    39


ite =

    40


ite =

    41


ite =

    42


ite =

    43


ite =

    44


ite =

    45


ite =

    46


ite =

    47


ite =

    48


ite =

    49


ite =

    50


ite =

    51


ite =

    52


ite =

    53


ite =

    54


ite =

    55


ite =

    56


ite =

    57


ite =

    58


ite =

    59


ite =

    60


ite =

    61


ite =

    62


ite =

    63


ite =

    64


ite =

    65


ite =

    66


ite =

    67


ite =

    68


ite =

    69


ite =

    70


ite =

    71


ite =

    72


ite =

    73


ite =

    74


ite =

    75


ite =

    76


ite =

    77


ite =

    78


ite =

    79


ite =

    80


ite =

    81


ite =

    82


ite =

    83


ite =

    84


ite =

    85


ite =

    86


ite =

    87


ite =

    88


ite =

    89


ite =

    90


ite =

    91


ite =

    92


ite =

    93


ite =

    94


ite =

    95


ite =

    96


ite =

    97


ite =

    98


ite =

    99


ite =

   100


ite =

   101


ite =

   102


ite =

   103


ite =

   104


ite =

   105


ite =

   106


ite =

   107


ite =

   108


ite =

   109


ite =

   110


ite =

   111


ite =

   112


ite =

   113


ite =

   114


ite =

   115


ite =

   116


ite =

   117


ite =

   118


ite =

   119


ite =

   120


ite =

   121


ite =

   122


ite =

   123


ite =

   124


ite =

   125


ite =

   126


ite =

   127


ite =

   128


ite =

   129


ite =

   130


ite =

   131


ite =

   132


ite =

   133


ite =

   134


ite =

   135


ite =

   136


ite =

   137


ite =

   138


ite =

   139


ite =

   140


ite =

   141


ite =

   142


ite =

   143


ite =

   144


ite =

   145


ite =

   146


ite =

   147


ite =

   148


ite =

   149


ite =

   150


ite =

   151


ite =

   152


ite =

   153


ite =

   154


ite =

   155


ite =

   156


ite =

   157


ite =

   158


ite =

   159


ite =

   160


ite =

   161


ite =

   162


ite =

   163


ite =

   164


ite =

   165


ite =

   166


ite =

   167


ite =

   168


ite =

   169


ite =

   170


ite =

   171


ite =

   172


ite =

   173


ite =

   174


ite =

   175


ite =

   176


ite =

   177


ite =

   178


ite =

   179


ite =

   180


ite =

   181


ite =

   182


ite =

   183


ite =

   184


ite =

   185


ite =

   186


ite =

   187


ite =

   188


ite =

   189


ite =

   190


ite =

   191


ite =

   192


ite =

   193


ite =

   194


ite =

   195


ite =

   196


ite =

   197


ite =

   198


ite =

   199


ite =

   200


ite =

   201


ite =

   202


ite =

   203


ite =

   204


ite =

   205


ite =

   206


ite =

   207


ite =

   208


ite =

   209


ite =

   210


ite =

   211


ite =

   212


ite =

   213


ite =

   214


ite =

   215


ite =

   216


ite =

   217


ite =

   218


ite =

   219


ite =

   220


ite =

   221


ite =

   222


ite =

   223


ite =

   224


ite =

   225


ite =

   226


ite =

   227


ite =

   228


ite =

   229


ite =

   230


ite =

   231


ite =

   232


ite =

   233


ite =

   234


ite =

   235


ite =

   236


ite =

   237


ite =

   238


ite =

   239


ite =

   240


ite =

   241


ite =

   242


ite =

   243


ite =

   244


ite =

   245


ite =

   246


ite =

   247


ite =

   248


ite =

   249


ite =

   250


ite =

   251


ite =

   252


ite =

   253


ite =

   254


ite =

   255


ite =

   256


ite =

   257


ite =

   258


ite =

   259


ite =

   260


ite =

   261


ite =

   262


ite =

   263


ite =

   264


ite =

   265


ite =

   266


ite =

   267


ite =

   268


ite =

   269


ite =

   270


ite =

   271


ite =

   272


ite =

   273


ite =

   274


ite =

   275


ite =

   276


ite =

   277


ite =

   278


ite =

   279


ite =

   280


ite =

   281


ite =

   282


ite =

   283


ite =

   284


ite =

   285


ite =

   286


ite =

   287


ite =

   288


ite =

   289


ite =

   290


ite =

   291


ite =

   292


ite =

   293


ite =

   294


ite =

   295


ite =

   296


ite =

   297


ite =

   298


ite =

   299


ite =

   300


ite =

   301


ite =

   302


ite =

   303


ite =

   304


ite =

   305


ite =

   306


ite =

   307


ite =

   308


ite =

   309


ite =

   310


ite =

   311


ite =

   312


ite =

   313


ite =

   314


ite =

   315


ite =

   316


ite =

   317


ite =

   318


ite =

   319


ite =

   320


ite =

   321


ite =

   322


ite =

   323


ite =

   324


ite =

   325


ite =

   326


ite =

   327


ite =

   328


ite =

   329


ite =

   330


ite =

   331


ite =

   332


ite =

   333


ite =

   334


ite =

   335


ite =

   336


ite =

   337


ite =

   338


ite =

   339


ite =

   340


ite =

   341


ite =

   342


ite =

   343


ite =

   344


ite =

   345


ite =

   346


ite =

   347


ite =

   348


ite =

   349


ite =

   350


ite =

   351


ite =

   352


ite =

   353


ite =

   354


ite =

   355


ite =

   356


ite =

   357


ite =

   358


ite =

   359


ite =

   360


ite =

   361


ite =

   362


ite =

   363


ite =

   364


ite =

   365


ite =

   366


ite =

   367


ite =

   368


ite =

   369


ite =

   370


ite =

   371


ite =

   372


ite =

   373


ite =

   374


ite =

   375


ite =

   376


ite =

   377


ite =

   378


ite =

   379


ite =

   380


ite =

   381


ite =

   382


ite =

   383


ite =

   384


ite =

   385


ite =

   386


ite =

   387


ite =

   388


ite =

   389


ite =

   390


ite =

   391


ite =

   392


ite =

   393


ite =

   394


ite =

   395


ite =

   396


ite =

   397


ite =

   398


ite =

   399


ite =

   400


ite =

   401


ite =

   402


ite =

   403


ite =

   404


ite =

   405


ite =

   406


ite =

   407


ite =

   408


ite =

   409


ite =

   410


ite =

   411


ite =

   412


ite =

   413


ite =

   414


